# id	file_path	transparent_color_r	g	b
[TEXTURES]
1	textures\selectionmap\mario.png	255	255	255
4	textures\selectionmap\tilemap\map.png	176	224	248
5	textures\selectionmap\worldmapItem.png	176	224	248
6	textures\HUD.png	176	224	248

99	textures\brickfloor.png	176	224	248
100	textures\brickFloor\brickFloor39.png	176	224	248

[SPRITES]

# item co xanh qua ve
8401	52	16	68	32	5
8402	35	16	51	32	5
8403	18	16	34	32	5

# door in map
8404	34	32	50	48	5
8405	51	32	67	48	5
8406	68	32	84	48	5
8407	84	32	101	48	5
8408	104	32	118	48	5
8409	121	32	135	48	5

# word help
8501	2	0	18	16	5
8502	100	50	101	51	5

# enimu moving
# right
8503	103	17	119	33	5
8504	120	50	136	51	5
# left
8505	17	51	33	67	5
8506	39	52	55	68	5

# bai 3 bit
8507	120	0	136	16	5

# start
8508	1	32	17	48	5

# cau
8509	18	32	34	48	5


# brick chan
56000	25	0	27	200	1
# ---------Small MARIO 
# idle right
10000	215	0	231	15	1

#BRICK
20001	0	0	1	1	99
20002	0	0	624	16	100

# HUD HUD
# rectangle 
8601	11	127	164	157	6
# square 
8602	139	158	164	187	6
# Mui Ten
8603	63	161	72	170	6
8604	90	161	99	170	6
# Word M
8605	15	160	33	170	6
# Word P
8606	73	161	89	170	6
8607	101	161	117	170	6

# square mushroom
8608	171	158	195	187	6
# square flower
8609	202	158	226	187	6
# square star
8620	232	158	256	187	6


# Number 0-9
8610	31	24	40	32	6
8611	54	24	61	31	6
8612	71	24	80	32	6
8613	90	24	98	31	6
8614	108	24	116	31	6
8615	127	24	135	32	6
8616	145	24	153	32	6
8617	162	24	170	32	6
8618	179	24	187	32	6
8619	197	24	205	32	6

[ANIMATIONS]

# item co xanh qua ve
841	8401	300	8402	300	8403	300	8402	300
# door in map
844	8404	100
845	8405	100
846	8406	100
847	8407	100
848	8408	100
849	8409	100

# word help
851	8501	500	8502	500

# enimu moving
853	8503	100	8504	100
855	8505	100	8506	100
 
#	bai 3 bit
857	8507	100

#	start
858	8508	100

#	cau
859	8509	100



# ======= MARIO SMAIL =========
#idle small right
100	10000	100

# ======== BRICK =========
201	20001	100

[ANIMATION_SETS]

# item co xanh qua ve
84	841	844	845	846	847	848	849	851	853	855	857	858	859

# MARIO world Map
85	100

# BRICK 
2	201

# HUD HUD
#86	861	862	863	864	865	866	867	868	869	880	870	871	872	873	874	875	876	877	878	879
86	861
[OBJECTS]
# item co xanh qua ve
# row 1
84	16	16	84	0
84	32	16	84	0
84	48	16	84	0
84	208	16	84	0
84	224	16	84	0
# row 2
84	16	32	84	0
84	32	32	84	0
84	48	32	84	0

84	80	32	84	0
84	96	32	84	0
84	112	32	84	0

84	144	32	84	0
84	160	32	84	0
84	176	32	84	0

84	208	32	84	0
84	224	32	84	0

# row 3
84	80	48	84	0
84	96	48	84	0
84	112	48	84	0
84	208	48	84	0
84	224	48	84	0

#row 4
84	16	64	84	0
84	32	64	84	0
84	48	64	84	0

84	80	64	84	0
84	96	64	84	0
84	112	64	84	0

84	144	64	84	0
84	160	64	84	0
84	176	64	84	0
84	192	64	84	0

84	208	64	84	0
84	224	64	84	0

#row 5
84	16	80	84	0
84	32	80	84	0
84	48	80	84	0

84	144	80	84	0
84	160	80	84	0

84	224	80	84	0

#row 6
84	16	96	84	0

84	96	96	84	0
84	112	96	84	0
84	128	96	84	0

84	224	96	84	0

#row 7
84	224	112	84	0
#row 8
84	224	128	84	0
#row 9
84	224	144	84	0

# door
84	64	16	84	1
84	128	16	84	2
84	160	16	84	3
84	160	48	84	4
84	64	144	84	5
84	128	144	84	6

# word help
84	208	96	84	7

# enemies moving
84	144	112	84	8

# casino
84	128	80	84	10

# start
84	32	48	84	11

# cau
84	144	112	84	12



# brick floor
# around
# top
9	0	0	2	256	16
# bottom
9	0	160	2	256	16
# left
9	0	0	2	16	176
9	256	0	2	16	176
# right

# row  1
9	16	16	2	48	16
9	208	16	84	32	16
# row 2
9	16	32	2	48	16
9	80	32	2	48	16
9	144	32	2	48	16
9	208	32	2	32	16
# row 3
9	80	48	2	48	16
9	208	48	2	32	16
# row 4
9	16	64	2	112	16
9	144	64	2	96	16
# row 5
9	16	80	2	48	16
9	144	80	2	32	16
9	224	80	2	16	16
# row 6
9	16	96	2	16	16
9	96	96	2	48	16
9	224	96	2	16	16
# row 7
9	224	112	2	16	16
# row 8
9	224	128	2	16	16
# row 9
9	224	144	2	16	16

# scene portal
50	  70	20	 0	    75	   25	     3
50	  136	20	 0	    141	   25	     1

# HUD HUD
# rectangle
86	8	192	86

# MARIO
85	30	49	85

[TILEMAP]
4


