########## OBJECT
# HUD HUD
# rectangle
86	8	192	86	0
# square
86	172	192	86	1
86	197	192	86	1
86	222	192	86	1
# mui ten
86	56	198	86	2
86	66	198	86	2
86	76	198	86	2
86	86	198	86	2
86	96	198	86	2
86	106	198	86	2
# word M
86	12	208	86	4

# word P
86	116	198	86	5
# number money
86	106	208	86	30
# number gold
86	148	200	86	31
# number time
86	148	208	86	32

86	45	200	86	11

86	45	208	86	14

# animation set
86	861	862	863	864	865	866	867	868	869	880	870	871	872	873	874	875	876	877	878	879
# animation

#  HUD HUD
# rectangle 
861	8601	100
# square 
862	8602	100

# Mui Ten
863	8603	100
864	8604	100
# Word M
865	8605	100
# Word P
866	8606	100
867	8607	100
# square mushroom
868	8608	100
# square flower
869	8609	100
# square star
880	8620	100

# Number
870	8610	100
871	8611	100
872	8612	100
873	8613	100
874	8614	100
875	8615	100
876	8616	100
877	8617	100
878	8618	100
879	8619	100


2@@@@@@@@@@@@@@@2 file world map

[ANIMATIONS]
# HUD HUD
# rectangle 
861	8601	100
# square 
862	8602	100

# Mui Ten
863	8603	100
864	8604	100
# Word M
865	8605	100
# Word P
866	8606	100
867	8607	100
# square mushroom
868	8608	100
# square flower
869	8609	100
# square star
880	8620	100


# Number
870	8610	100
871	8611	100
872	8612	100
873	8613	100
874	8614	100
875	8615	100
876	8616	100
877	8617	100
878	8618	100
879	8619	100

[ANIMATION_SETS]
# HUD HUD
#86	861	862	863	864	865	866	867	868	869	880	870	871	872	873	874	875	876	877	878	879
[OBJECTS]

# HUD HUD
# rectangle
86	8	192	86	0
# square
86	172	192	86	1
86	197	192	86	1
86	222	192	86	1
# mui ten
86	56	198	86	2
86	66	198	86	2
86	76	198	86	2
86	86	198	86	2
86	96	198	86	2
86	106	198	86	2
# word M
86	12	208	86	4

# word P
86	116	198	86	5
# number money
86	106	208	86	30
# number gold
86	148	200	86	31
# number time
86	148	208	86	32


86	45	200	86	11

86	45	208	86	14

#86	56	208	86	10
#86	66	208	86	10
#86	76	208	86	10
#86	86	208	86	10
#86	96	208	86	10


#86	132	208	86	10
#86	140	208	86	10